5
3
2 5 4 
1 2 10 7 10 
5 
10 10 
6 6 6 6 6 6 6 6 6 6 
2 2 2 2 2 2 2 
0 0 0 0 0 0 0 0 0 0 
266.7 
424.846 15.6923 
458.903 255.403 6.27778 10.8889 112.028 83.25 7.61111 7.11111 17.4722 136.181 
258.79 363.746 87.9783 341.109 13.5072 358.601 13.7971 
309.188 53.125 529.656 10.6562 303.875 30.25 239.594 265.094 317.688 241.719 
0 
0 424.846 
0 458.903 714.306 720.583 731.472 843.5 926.75 934.361 941.472 958.944 
0 258.79 622.536 710.514 1051.62 1065.13 1423.73 
0 309.188 362.312 891.969 902.625 1206.5 1236.75 1476.34 1741.44 2059.12 
2300.84
5
3
2 5 4 
1 2 10 7 10 
3 
3 1 
0 9 10 6 6 0 8 2 0 2 
9 0 7 9 5 7 4 
7 7 5 4 7 1 5 4 4 1 
266.7 
30.6527 219.851 
13.0556 255.766 232.608 11.462 112.187 83.3684 282.012 7.48538 0.497076 136.374 
7.5936 10.6733 2.58152 10.0091 14.07 10.5223 14.372 
18.75 53.2216 32.1198 181.486 18.4278 31.1856 240.03 16.076 19.2655 242.159 
0 
273.344 273.344 
0 0 0 0 11.462 13.0556 0 0 96.424 7.48538 
292.021 282.012 292.534 282.012 282.012 282.012 282.012 
0 37.1778 0 35.3415 18.75 0 32.1198 19.2655 0 31.1856 
493.195
20
1
34 
13 30 27 17 50 10 35 40 19 47 29 21 40 11 14 36 12 34 10 28 
0 0 0 0 0 0 0 0 0 0 0 0 0 
5 5 5 5 5 5 5 5 5 5 5 5 5 5 5 5 5 5 5 5 5 5 5 5 5 5 5 5 5 5 
13 13 13 13 13 13 13 13 13 13 13 13 13 13 13 13 13 13 13 13 13 13 13 13 13 13 13 
24 24 24 24 24 24 24 24 24 24 24 24 24 24 24 24 24 
2 2 2 2 2 2 2 2 2 2 2 2 2 2 2 2 2 2 2 2 2 2 2 2 2 2 2 2 2 2 2 2 2 2 2 2 2 2 2 2 2 2 2 2 2 2 2 2 2 2 
10 10 10 10 10 10 10 10 10 10 
6 6 6 6 6 6 6 6 6 6 6 6 6 6 6 6 6 6 6 6 6 6 6 6 6 6 6 6 6 6 6 6 6 6 6 
28 28 28 28 28 28 28 28 28 28 28 28 28 28 28 28 28 28 28 28 28 28 28 28 28 28 28 28 28 28 28 28 28 28 28 28 28 28 28 28 
25 25 25 25 25 25 25 25 25 25 25 25 25 25 25 25 25 25 25 
29 29 29 29 29 29 29 29 29 29 29 29 29 29 29 29 29 29 29 29 29 29 29 29 29 29 29 29 29 29 29 29 29 29 29 29 29 29 29 29 29 29 29 29 29 29 29 
12 12 12 12 12 12 12 12 12 12 12 12 12 12 12 12 12 12 12 12 12 12 12 12 12 12 12 12 12 
26 26 26 26 26 26 26 26 26 26 26 26 26 26 26 26 26 26 26 26 26 
27 27 27 27 27 27 27 27 27 27 27 27 27 27 27 27 27 27 27 27 27 27 27 27 27 27 27 27 27 27 27 27 27 27 27 27 27 27 27 27 
1 1 1 1 1 1 1 1 1 1 1 
4 4 4 4 4 4 4 4 4 4 4 4 4 4 
30 30 30 30 30 30 30 30 30 30 30 30 30 30 30 30 30 30 30 30 30 30 30 30 30 30 30 30 30 30 30 30 30 30 30 30 
11 11 11 11 11 11 11 11 11 11 11 11 
14 14 14 14 14 14 14 14 14 14 14 14 14 14 14 14 14 14 14 14 14 14 14 14 14 14 14 14 14 14 14 14 14 14 
23 23 23 23 23 23 23 23 23 23 
33 33 33 33 33 33 33 33 33 33 33 33 33 33 33 33 33 33 33 33 33 33 33 33 33 33 33 33 
inf nan nan nan nan nan nan nan nan nan nan nan nan 
1.04 2.70 3.26 3.22 2.35 3.61 2.57 3.65 2.43 2.39 3.30 1.57 0.96 1.43 2.83 4.09 1.09 2.30 3.22 2.91 1.13 2.48 3.52 2.48 2.74 4.09 4.04 0.87 3.09 3.22 
6.00 6.00 3.19 5.75 1.56 4.31 2.44 1.31 3.88 4.00 1.38 6.19 3.56 5.69 6.25 4.06 4.69 3.94 2.06 4.06 1.81 1.69 1.81 5.19 3.38 3.19 1.50 
2.43 2.07 1.68 2.46 2.36 2.21 1.61 3.21 3.18 1.64 2.11 2.32 0.86 0.79 2.50 2.07 2.43 
4.55 8.64 7.09 7.55 9.00 8.82 7.18 4.27 8.00 5.82 3.18 6.09 2.09 2.00 7.73 2.09 4.82 2.82 9.09 8.09 6.91 1.82 7.18 3.00 2.91 7.09 8.36 2.45 2.82 7.27 7.73 8.64 7.73 3.00 9.09 4.45 2.91 7.64 8.00 3.64 6.18 4.36 8.27 4.36 4.45 6.45 2.00 3.00 7.82 5.91 
3.07 2.21 2.18 1.00 1.93 2.18 1.93 2.50 1.64 1.64 
5.11 4.22 6.22 4.56 9.00 4.67 3.67 9.33 7.22 2.56 10.44 6.67 8.56 4.33 5.78 7.67 6.44 8.89 9.78 9.33 2.33 2.22 9.00 4.44 4.89 5.00 9.67 9.56 4.89 10.78 3.89 7.33 3.67 4.11 3.78 
2.21 3.17 1.12 3.08 3.46 3.96 3.25 3.71 1.75 3.96 0.88 0.96 3.96 3.04 2.71 3.42 1.08 3.04 2.17 1.17 1.29 1.00 2.88 1.79 3.79 1.25 2.38 3.71 1.75 1.29 1.00 3.08 3.79 2.67 3.21 1.38 0.92 1.46 2.88 3.62 
2.07 0.89 1.89 3.18 0.86 2.07 2.21 1.11 1.96 0.71 2.68 3.07 0.82 2.64 1.07 3.29 1.43 2.79 3.18 
1.77 2.93 2.03 1.30 0.90 2.10 1.80 2.57 3.27 2.97 2.00 2.73 1.90 1.57 1.80 0.90 3.03 2.60 2.80 2.53 2.63 2.37 1.53 1.17 2.00 2.70 1.20 2.57 2.87 3.03 1.77 1.43 1.97 1.73 2.40 1.90 1.50 1.00 1.40 2.60 3.17 2.47 3.13 1.80 1.47 2.13 1.67 
2.70 2.07 1.52 2.81 3.52 1.48 3.37 2.04 1.26 1.81 2.93 2.26 2.04 3.37 1.00 0.81 1.85 2.07 2.30 3.22 2.85 1.44 2.52 1.07 3.00 2.56 1.93 2.59 1.96 
3.67 4.67 1.76 1.67 2.57 1.33 3.00 2.00 3.95 1.24 1.05 2.57 2.05 2.71 1.71 1.14 3.00 4.38 4.57 3.19 4.00 
3.65 1.00 0.77 2.85 1.92 2.46 3.15 1.62 1.08 1.12 3.58 2.38 1.77 1.77 3.00 1.81 3.08 3.73 1.85 1.46 2.27 2.38 2.88 3.27 3.81 1.42 0.92 3.85 1.38 3.85 2.31 0.92 2.08 1.19 3.12 2.88 2.73 2.62 1.31 1.23 
3.96 1.65 3.09 3.83 3.65 1.35 1.61 4.00 1.87 2.17 3.43 
3.52 1.26 1.26 2.26 0.96 0.85 2.63 0.89 3.19 3.19 2.59 2.33 1.04 1.78 
1.26 5.05 4.53 2.79 4.79 3.00 2.53 2.79 5.00 1.89 4.42 1.84 1.11 1.53 2.84 4.58 5.05 4.89 3.74 3.74 4.42 1.42 4.84 2.16 2.79 5.11 1.53 4.53 4.00 3.68 2.00 1.84 3.37 4.68 1.42 3.05 
4.30 3.74 2.09 0.91 1.09 3.78 3.87 3.74 3.91 2.09 4.09 3.13 
4.92 3.46 7.62 5.31 6.62 7.46 2.54 1.69 6.08 3.77 6.15 1.85 2.38 2.46 1.54 7.00 3.62 3.77 3.00 5.00 7.62 2.38 1.54 4.69 2.54 3.77 6.92 6.00 5.38 5.77 4.00 4.62 7.46 7.54 
2.70 3.70 1.25 3.45 4.90 3.90 3.25 4.85 1.00 2.15 
7.08 3.85 2.31 5.31 5.38 2.54 4.31 2.38 1.62 2.38 5.54 3.92 2.00 1.54 4.77 3.31 3.15 7.31 2.69 3.85 5.38 2.00 4.23 5.92 4.31 2.08 5.15 3.46 
0.00 inf inf inf inf inf inf inf inf inf inf inf inf 
0.00 1.04 3.74 7.00 10.22 12.57 16.17 18.74 22.39 24.83 27.22 30.52 32.09 33.04 34.48 37.30 41.39 42.48 44.78 48.00 50.91 52.04 54.52 58.04 60.52 63.26 67.35 71.39 72.26 75.35 
0.00 6.00 12.00 15.19 20.94 22.50 26.81 29.25 30.56 34.44 38.44 39.81 46.00 49.56 55.25 61.50 65.56 70.25 74.19 76.25 80.31 82.12 83.81 85.62 90.81 94.19 97.38 
0.00 2.43 4.50 6.18 8.64 11.00 13.21 14.82 18.04 21.21 22.86 24.96 27.29 28.14 28.93 31.43 33.50 
0.00 4.55 13.18 20.27 27.82 36.82 45.64 52.82 57.09 65.09 70.91 74.09 80.18 82.27 84.27 92.00 94.09 98.91 101.73 110.82 118.91 125.82 127.64 134.82 137.82 140.73 147.82 156.18 158.64 161.45 168.73 176.45 185.09 192.82 195.82 204.91 209.36 212.27 219.91 227.91 231.55 237.73 242.09 250.36 254.73 259.18 265.64 267.64 270.64 278.45 
0.00 3.07 5.29 7.46 8.46 10.39 12.57 14.50 17.00 18.64 
0.00 5.11 9.33 15.56 20.11 29.11 33.78 37.44 46.78 54.00 56.56 67.00 73.67 82.22 86.56 92.33 100.00 106.44 115.33 125.11 134.44 136.78 139.00 148.00 152.44 157.33 162.33 172.00 181.56 186.44 197.22 201.11 208.44 212.11 216.22 
0.00 2.21 5.38 6.50 9.58 13.04 17.00 20.25 23.96 25.71 29.67 30.54 31.50 35.46 38.50 41.21 44.62 45.71 48.75 50.92 52.08 53.37 54.37 57.25 59.04 62.83 64.08 66.46 70.17 71.92 73.21 74.21 77.29 81.08 83.75 86.96 88.33 89.25 90.71 93.58 
0.00 2.07 2.96 4.86 8.04 8.89 10.96 13.18 14.29 16.25 16.96 19.64 22.71 23.54 26.18 27.25 30.54 31.96 34.75 
0.00 1.77 4.70 6.73 8.03 8.93 11.03 12.83 15.40 18.67 21.63 23.63 26.37 28.27 29.83 31.63 32.53 35.57 38.17 40.97 43.50 46.13 48.50 50.03 51.20 53.20 55.90 57.10 59.67 62.53 65.57 67.33 68.77 70.73 72.47 74.87 76.77 78.27 79.27 80.67 83.27 86.43 88.90 92.03 93.83 95.30 97.43 
0.00 2.70 4.78 6.30 9.11 12.63 14.11 17.48 19.52 20.78 22.59 25.52 27.78 29.81 33.19 34.19 35.00 36.85 38.93 41.22 44.44 47.30 48.74 51.26 52.33 55.33 57.89 59.81 62.41 
0.00 3.67 8.33 10.10 11.76 14.33 15.67 18.67 20.67 24.62 25.86 26.90 29.48 31.52 34.24 35.95 37.10 40.10 44.48 49.05 52.24 
0.00 3.65 4.65 5.42 8.27 10.19 12.65 15.81 17.42 18.50 19.62 23.19 25.58 27.35 29.12 32.12 33.92 37.00 40.73 42.58 44.04 46.31 48.69 51.58 54.85 58.65 60.08 61.00 64.85 66.23 70.08 72.38 73.31 75.38 76.58 79.69 82.58 85.31 87.92 89.23 
0.00 3.96 5.61 8.70 12.52 16.17 17.52 19.13 23.13 25.00 27.17 
0.00 3.52 4.78 6.04 8.30 9.26 10.11 12.74 13.63 16.81 20.00 22.59 24.93 25.96 
0.00 1.26 6.32 10.84 13.63 18.42 21.42 23.95 26.74 31.74 33.63 38.05 39.89 41.00 42.53 45.37 49.95 55.00 59.89 63.63 67.37 71.79 73.21 78.05 80.21 83.00 88.11 89.63 94.16 98.16 101.84 103.84 105.68 109.05 113.74 115.16 
0.00 4.30 8.04 10.13 11.04 12.13 15.91 19.78 23.52 27.43 29.52 33.61 
0.00 4.92 8.38 16.00 21.31 27.92 35.38 37.92 39.62 45.69 49.46 55.62 57.46 59.85 62.31 63.85 70.85 74.46 78.23 81.23 86.23 93.85 96.23 97.77 102.46 105.00 108.77 115.69 121.69 127.08 132.85 136.85 141.46 148.92 
0.00 2.70 6.40 7.65 11.10 16.00 19.90 23.15 28.00 29.00 
0.00 7.08 10.92 13.23 18.54 23.92 26.46 30.77 33.15 34.77 37.15 42.69 46.62 48.62 50.15 54.92 58.23 61.38 68.69 71.38 75.23 80.62 82.62 86.85 92.77 97.08 99.15 104.31 
inf
20
1
10 
34 13 30 27 17 50 10 35 40 19 47 29 21 40 11 14 36 12 34 10 
8 8 8 8 8 8 8 8 8 8 8 8 8 8 8 8 8 8 8 8 8 8 8 8 8 8 8 8 8 8 8 8 8 8 
9 9 9 9 9 9 9 9 9 9 9 9 9 
9 9 9 9 9 9 9 9 9 9 9 9 9 9 9 9 9 9 9 9 9 9 9 9 9 9 9 9 9 9 
4 4 4 4 4 4 4 4 4 4 4 4 4 4 4 4 4 4 4 4 4 4 4 4 4 4 4 
5 5 5 5 5 5 5 5 5 5 5 5 5 5 5 5 5 
6 6 6 6 6 6 6 6 6 6 6 6 6 6 6 6 6 6 6 6 6 6 6 6 6 6 6 6 6 6 6 6 6 6 6 6 6 6 6 6 6 6 6 6 6 6 6 6 6 6 
7 7 7 7 7 7 7 7 7 7 
3 3 3 3 3 3 3 3 3 3 3 3 3 3 3 3 3 3 3 3 3 3 3 3 3 3 3 3 3 3 3 3 3 3 3 
8 8 8 8 8 8 8 8 8 8 8 8 8 8 8 8 8 8 8 8 8 8 8 8 8 8 8 8 8 8 8 8 8 8 8 8 8 8 8 8 
6 6 6 6 6 6 6 6 6 6 6 6 6 6 6 6 6 6 6 
0 0 0 0 0 0 0 0 0 0 0 0 0 0 0 0 0 0 0 0 0 0 0 0 0 0 0 0 0 0 0 0 0 0 0 0 0 0 0 0 0 0 0 0 0 0 0 
7 7 7 7 7 7 7 7 7 7 7 7 7 7 7 7 7 7 7 7 7 7 7 7 7 7 7 7 7 
1 1 1 1 1 1 1 1 1 1 1 1 1 1 1 1 1 1 1 1 1 
2 2 2 2 2 2 2 2 2 2 2 2 2 2 2 2 2 2 2 2 2 2 2 2 2 2 2 2 2 2 2 2 2 2 2 2 2 2 2 2 
0 0 0 0 0 0 0 0 0 0 0 
5 5 5 5 5 5 5 5 5 5 5 5 5 5 
1 1 1 1 1 1 1 1 1 1 1 1 1 1 1 1 1 1 1 1 1 1 1 1 1 1 1 1 1 1 1 1 1 1 1 1 
3 3 3 3 3 3 3 3 3 3 3 3 
4 4 4 4 4 4 4 4 4 4 4 4 4 4 4 4 4 4 4 4 4 4 4 4 4 4 4 4 4 4 4 4 4 4 
2 2 2 2 2 2 2 2 2 2 
1.14 2.71 1.61 0.89 1.04 2.14 2.96 2.11 1.11 1.11 1.25 1.36 0.86 0.86 2.21 2.68 2.64 1.93 2.96 2.11 3.00 2.00 1.96 2.71 1.29 0.79 1.18 2.32 3.36 0.89 1.89 2.64 2.39 0.93 
2.48 3.52 2.48 2.74 4.09 4.04 0.87 3.09 3.22 4.17 4.17 2.22 4.00 
1.56 4.31 2.44 1.31 3.88 4.00 1.38 6.19 3.56 5.69 6.25 4.06 4.69 3.94 2.06 4.06 1.81 1.69 1.81 5.19 3.38 3.19 1.50 4.25 3.62 2.94 4.31 4.12 3.88 2.81 
3.21 3.18 1.64 2.11 2.32 0.86 0.79 2.50 2.07 2.43 1.79 3.39 2.79 2.96 3.54 3.46 2.82 1.68 3.14 2.29 1.25 2.39 0.82 0.79 3.04 0.82 1.89 
2.82 9.09 8.09 6.91 1.82 7.18 3.00 2.91 7.09 8.36 2.45 2.82 7.27 7.73 8.64 7.73 3.00 
3.57 1.75 1.14 3.00 3.14 1.43 2.43 1.71 3.25 1.71 1.75 2.54 0.79 1.18 3.07 2.32 3.07 2.21 2.18 1.00 1.93 2.18 1.93 2.50 1.64 1.64 1.64 1.36 2.00 1.46 2.89 1.50 1.18 3.00 2.32 0.82 3.36 2.14 2.75 1.39 1.86 2.46 2.07 2.86 3.14 3.00 0.75 0.71 2.89 1.43 
4.89 5.00 9.67 9.56 4.89 10.78 3.89 7.33 3.67 4.11 
1.42 2.21 3.17 1.12 3.08 3.46 3.96 3.25 3.71 1.75 3.96 0.88 0.96 3.96 3.04 2.71 3.42 1.08 3.04 2.17 1.17 1.29 1.00 2.88 1.79 3.79 1.25 2.38 3.71 1.75 1.29 1.00 3.08 3.79 2.67 
2.75 1.18 0.79 1.25 2.46 3.11 2.07 0.89 1.89 3.18 0.86 2.07 2.21 1.11 1.96 0.71 2.68 3.07 0.82 2.64 1.07 3.29 1.43 2.79 3.18 1.89 3.14 2.18 1.39 0.96 2.25 1.93 2.75 3.50 3.18 2.14 2.93 2.04 1.68 1.93 
0.90 3.03 2.60 2.80 2.53 2.63 2.37 1.53 1.17 2.00 2.70 1.20 2.57 2.87 3.03 1.77 1.43 1.97 1.73 
2.67 2.11 1.67 1.11 1.56 2.89 3.52 2.74 3.48 2.00 1.63 2.37 1.85 2.70 2.07 1.52 2.81 3.52 1.48 3.37 2.04 1.26 1.81 2.93 2.26 2.04 3.37 1.00 0.81 1.85 2.07 2.30 3.22 2.85 1.44 2.52 1.07 3.00 2.56 1.93 2.59 1.96 2.85 3.63 1.37 1.30 2.00 
1.33 3.00 2.00 3.95 1.24 1.05 2.57 2.05 2.71 1.71 1.14 3.00 4.38 4.57 3.19 4.00 4.52 1.24 0.95 3.52 2.38 3.05 3.90 2.00 1.33 1.38 4.43 2.95 2.19 
1.77 3.00 1.81 3.08 3.73 1.85 1.46 2.27 2.38 2.88 3.27 3.81 1.42 0.92 3.85 1.38 3.85 2.31 0.92 2.08 1.19 
3.52 3.26 3.09 2.96 1.48 1.39 3.96 1.65 3.09 3.83 3.65 1.35 1.61 4.00 1.87 2.17 3.43 4.13 1.48 1.48 2.65 1.13 1.00 3.09 1.04 3.74 3.74 3.04 2.74 1.22 2.09 1.04 4.17 3.74 2.30 3.96 2.48 2.09 2.30 4.13 
1.33 3.11 1.30 0.78 1.07 2.00 3.22 3.56 3.44 2.63 2.63 
4.42 1.42 4.84 2.16 2.79 5.11 1.53 4.53 4.00 3.68 2.00 1.84 3.37 4.68 
1.17 2.52 4.30 3.74 2.09 0.91 1.09 3.78 3.87 3.74 3.91 2.09 4.09 3.13 2.78 1.96 4.30 3.00 3.74 4.22 1.43 0.96 3.43 2.13 3.48 1.04 1.35 1.39 0.87 3.96 2.04 2.13 1.70 2.83 4.30 1.35 
1.54 4.69 2.54 3.77 6.92 6.00 5.38 5.77 4.00 4.62 7.46 7.54 
2.70 3.70 1.25 3.45 4.90 3.90 3.25 4.85 1.00 2.15 4.60 2.50 1.50 3.45 3.50 1.65 2.80 1.55 1.05 1.55 3.60 2.55 1.30 1.00 3.10 2.15 2.05 4.75 1.75 2.50 3.50 1.30 2.75 3.85 
4.31 2.08 5.15 3.46 4.92 3.23 5.15 1.92 4.23 2.15 
83.36 84.50 87.21 88.82 89.71 90.75 92.89 95.86 97.96 99.07 100.18 101.43 102.79 103.64 104.50 106.71 109.39 112.04 113.96 116.93 119.04 122.04 124.04 126.00 128.71 130.00 130.79 131.96 134.29 137.64 138.54 140.43 143.07 145.46 
103.88 106.35 109.88 112.35 115.09 119.18 123.22 124.09 127.18 130.40 134.57 138.74 140.96 
0.00 1.56 5.88 8.31 9.62 13.50 17.50 18.88 25.06 28.62 34.31 40.56 44.62 49.31 53.25 55.31 59.38 61.19 62.88 64.69 69.88 73.25 76.44 77.94 82.19 85.81 88.75 93.06 97.19 101.06 
91.45 94.66 97.84 99.49 101.59 103.91 104.77 105.56 108.06 110.13 112.56 114.34 117.74 120.52 123.49 127.02 130.49 133.31 134.99 138.13 140.41 141.66 144.06 144.88 145.66 148.70 149.52 
0.00 2.82 11.91 20.00 26.91 28.73 35.91 38.91 41.82 48.91 57.27 59.73 62.55 69.82 77.55 86.18 93.91 
0.00 3.57 5.32 6.46 9.46 12.61 14.04 16.46 18.18 21.43 23.14 24.89 27.43 28.21 29.39 32.46 34.79 37.86 40.07 42.25 43.25 45.18 47.36 49.29 51.79 53.43 55.07 56.71 58.07 60.07 61.54 64.43 65.93 67.11 70.11 72.43 73.25 76.61 78.75 81.50 82.89 84.75 87.21 89.29 92.14 95.29 98.29 99.04 99.75 102.64 
75.76 80.65 85.65 95.32 104.87 109.76 120.54 124.43 131.76 135.43 
0.00 1.42 3.62 6.79 7.92 11.00 14.46 18.42 21.67 25.38 27.12 31.08 31.96 32.92 36.88 39.92 42.62 46.04 47.12 50.17 52.33 53.50 54.79 55.79 58.67 60.46 64.25 65.50 67.87 71.58 73.33 74.62 75.62 78.71 82.50 
0.00 2.75 3.93 4.71 5.96 8.43 11.54 13.61 14.50 16.39 19.57 20.43 22.50 24.71 25.82 27.79 28.50 31.18 34.25 35.07 37.71 38.79 42.07 43.50 46.29 49.46 51.36 54.50 56.68 58.07 59.04 61.29 63.21 65.96 69.46 72.64 74.79 77.71 79.75 81.43 
104.07 104.97 108.00 110.60 113.40 115.94 118.57 120.94 122.47 123.64 125.64 128.34 129.54 132.10 134.97 138.00 139.77 141.20 143.17 
0.00 2.67 4.78 6.44 7.56 9.11 12.00 15.52 18.26 21.74 23.74 25.37 27.74 29.59 32.30 34.37 35.89 38.70 42.22 43.70 47.07 49.11 50.37 52.19 55.11 57.37 59.41 62.78 63.78 64.59 66.44 68.52 70.81 74.04 76.89 78.33 80.85 81.93 84.93 87.48 89.41 92.00 93.96 96.81 100.44 101.81 103.11 
0.00 1.33 4.33 6.33 10.29 11.52 12.57 15.14 17.19 19.90 21.62 22.76 25.76 30.14 34.71 37.90 41.90 46.43 47.67 48.62 52.14 54.52 57.57 61.48 63.48 64.81 66.19 70.62 73.57 
94.83 96.60 99.60 101.40 104.48 108.21 110.06 111.52 113.79 116.17 119.06 122.33 126.13 127.56 128.48 132.33 133.71 137.56 139.86 140.79 142.86 
0.00 3.52 6.78 9.87 12.83 14.30 15.70 19.65 21.30 24.39 28.22 31.87 33.22 34.83 38.83 40.70 42.87 46.30 50.43 51.91 53.39 56.04 57.17 58.17 61.26 62.30 66.04 69.78 72.83 75.57 76.78 78.87 79.91 84.09 87.83 90.13 94.09 96.57 98.65 100.96 
105.11 106.44 109.56 110.85 111.63 112.70 114.70 117.93 121.48 124.93 127.56 
96.91 101.33 102.75 107.59 109.75 112.54 117.65 119.17 123.70 127.70 131.38 133.38 135.22 138.59 
0.00 1.17 3.70 8.00 11.74 13.83 14.74 15.83 19.61 23.48 27.22 31.13 33.22 37.30 40.43 43.22 45.17 49.48 52.48 56.22 60.43 61.87 62.83 66.26 68.39 71.87 72.91 74.26 75.65 76.52 80.48 82.52 84.65 86.35 89.17 93.48 
85.17 86.71 91.40 93.94 97.71 104.63 110.63 116.01 121.78 125.78 130.40 137.86 
0.00 2.70 6.40 7.65 11.10 16.00 19.90 23.15 28.00 29.00 31.15 35.75 38.25 39.75 43.20 46.70 48.35 51.15 52.70 53.75 55.30 58.90 61.45 62.75 63.75 66.85 69.00 71.05 75.80 77.55 80.05 83.55 84.85 87.60 
105.09 109.39 111.47 116.63 120.09 125.01 128.24 133.39 135.32 139.55 
151.41
